Best hyperparameters found by RandomizedSearchCV:
model__colsample_bytree: 0.7988994023569542
model__gamma: 1.5043915490838482
model__learning_rate: 0.06696809887549353
model__max_depth: 3
model__min_child_weight: 1
model__n_estimators: 201
model__subsample: 0.8010716092915446
